%V0.0  初始版本
function [Target_Para, target_num, PeakTarget_Para] = CfarDetection(rdmapData, peakBitmap, threshold, noiseMag)

global HIST_THRESHOLD_GUARD  RDM_MAG_PER_HIST_BIN_EXP 

rCFARmode = 2;%%距离维CFAR类型：1:CA，2：GO，3：CMLD，4：OS
dCFARmode = 2;%%速度维CFAR类型：1:CA，2：GO，3：CMLD
RemoveMin_Flag = 0;%%CA、GO是否去除幅值最小单元：1:是，0：否
removeMax_r = 2;%%CMLD需去除的最大单元数
removeMin_r = 1;%%CMLD需去除的最小单元数

CfarParameter.Guard_Range       =   2;                                     %%距离维 保护单元2/3,[26][28][36][24][25][27][35]
CfarParameter.Win_Range         =   6;                                     %%距离维 参考单元6/5

CfarParameter.Guard_Doppler     =   4;                                     %%速度维 保护单元4/5,[46][36][44][45][37][35][34]
CfarParameter.Win_Doppler       =   6;                                     %%速度维 参考单元6/6

%%%%%%%%%%%%%%%CFAR Params%%%%%%%%%%%%%%%
%%1700/256*3.0103,18*256/3.0103
%%2211(25.9991dB，26),2126(24.9996dB,25),2048(24.0824dB,24),1956(23.0006dB,23),1871(22.0011dB,22),1785(20.9898dB,21),1700(19.9903dB,20)
%%1615(18.9908dB,19),1530(17.9912dB,18),1445(16.9917dB,17)，1360(15.9922dB,16)，1275(14.9927dB,15),1190(13.9932dB,14)
%%1105(12.9937dB,13),1020(11.9942dB,12),935(10.9947dB,11),850(9.9951dB,10),765(8.9956dB,9),681(8.0079dB,8)

%% =========== CFAR下限 =====================%%
% %% 9dB-CFAR
% rangeSnrTh_ST =  ceil( [22,16,9,9,9,90] * 256 / 3.01 );
% dopplerSnrTh_ST =  ceil( [19,15,9,9,9,100] * 256 / 3.01 );
% globalSnrTh_ST =  ceil( [15,13,9,9,9,90] * 256 / 3.01 );

%% 0320-CFAR, using
% rangeSnrTh_ST = ceil( [22,16,13,12,12.5,90] * 256 / 3.01 );
% dopplerSnrTh_ST = ceil( [19,15,13,13,13,100] * 256 / 3.01 );
% globalSnrTh_ST = ceil( [15,13,11,11,11,90] * 256 / 3.01 );

% %% 0420CFAR-rCA,VGO, 基础版本newUsing
% rangeSnrTh_ST = ceil( [22,16,13,12,12.5,90] * 256 / 3.01 );
% dopplerSnrTh_ST = ceil( [19,15,13,12,13,100] * 256 / 3.01 );
% globalSnrTh_ST = ceil( [15,13,12,12,11,90] * 256 / 3.01 );

% % 0426CFAR――rCA,VGO-dopplerWindow is kaiser -1
% rangeSnrTh_ST = ceil( [22,16,13,13,12.5,90] * 256 / 3.01 );
% dopplerSnrTh_ST = ceil( [19,15,13,11,13,100] * 256 / 3.01 );
% globalSnrTh_ST = ceil( [15,13,12,12,11,90] * 256 / 3.01 );

% %% 0704CFAR-rGO,VGO, 4代雷达基础版本test，501-801m:rCAvGO,ok
% rangeSnrTh_ST = ceil( [22,16,13,12,12,90] * 256 / 3.01 );
% dopplerSnrTh_ST = ceil( [19,15,13,12,12,100] * 256 / 3.01 );
% globalSnrTh_ST = ceil( [15,13,12,12,11,90] * 256 / 3.01 );

% %% 0704CFAR-rGO,VGO, 4代雷达基础版本test，501-801m:rCAvGO
% rangeSnrTh_ST = ceil( [22,16,9,12,12,90] * 256 / 3.01 );
% dopplerSnrTh_ST = ceil( [19,15,9,12,12,100] * 256 / 3.01 );
% globalSnrTh_ST = ceil( [15,13,9,12,11,90] * 256 / 3.01 );

%% 0804CFAR:210-501m:rCMLD,CA;501-801m:rCA,cGOO;801-1200m:rCMLD,vGO,其余GO
rangeSnrTh_ST = ceil( [22,16,16,12,15,90] * 256 / 3.01 );
dopplerSnrTh_ST = ceil( [19,15,14,12,12,100] * 256 / 3.01 );
globalSnrTh_ST = ceil( [15,13,12,12,11,90] * 256 / 3.01 );


%% =========== CFAR上限 =====================%%
%% 0607CFAR―3rd Gen Radar
rangeSnrTh_ED = ceil( [80,80,80,80,80,90] * 256 / 3.01 );
dopplerSnrTh_ED = ceil( [80,80,80,80,80,90] * 256 / 3.01 );
globalSnrTh_ED = ceil( [80,80,80,80,80,90] * 256 / 3.01 );

% %% 0320CFAR
% rangeSnrTh_ED = [60,60,45,26,26,90] * 256 / 3.01;
% dopplerSnrTh_ED = [50,35,42,26,26,90] * 256 / 3.01;
% globalSnrTh_ED = [50,43,42,30,30,90] * 256 / 3.01;

% %% 0420CFAR―rCA,VGO-2,newUsing
% rangeSnrTh_ED = ceil( [60,50,35,26,24,90] * 256 / 3.01 );
% dopplerSnrTh_ED = ceil( [52,45,38,30,24,90] * 256 / 3.01 );
% globalSnrTh_ED = ceil( [55,48,36,28,24,90] * 256 / 3.01 );

%% 0418CFAR
% rangeSnrTh_ED = ceil( [60,60,45,28,26,90] * 256 / 3.01 );
% dopplerSnrTh_ED = ceil( [50,50,42,28,26,90] * 256 / 3.01 );
% globalSnrTh_ED = ceil( [55,50,40,30,28,90] * 256 / 3.01 );


%%%%第二版硬件，中频2023320优化版本，SNR(*)/3.01*256，GO26,GO46
%% start thershold
CFAR_RANGE_THRESHOLD_SEG_ST_1ST = rangeSnrTh_ST(1);    %/* cfar range threshold segment 1st, 22 */
CFAR_RANGE_THRESHOLD_SEG_ST_2ND = rangeSnrTh_ST(2);    %/* cfar range threshold segment 2nd, 16 */ 
CFAR_RANGE_THRESHOLD_SEG_ST_3RD = rangeSnrTh_ST(3);    %/* cfar range threshold segment 3rd, 13(1106) */
CFAR_RANGE_THRESHOLD_SEG_ST_4TH = rangeSnrTh_ST(4);    %/* cfar range threshold segment 4th, 12(1021),12.5(1064) */
CFAR_RANGE_THRESHOLD_SEG_ST_5TH = rangeSnrTh_ST(5);    %/* cfar range threshold segment 5th, 90 */
CFAR_RANGE_THRESHOLD_SEG_ST_6TH = rangeSnrTh_ST(6);    %/* cfar range threshold segment 5th, 90 */

CFAR_DOPPLER_THRESHOLD_SEG_ST_1ST = dopplerSnrTh_ST(1);  %/* cfar doppler threshold segment 1st, 19 */
CFAR_DOPPLER_THRESHOLD_SEG_ST_2ND = dopplerSnrTh_ST(2);  %/* cfar doppler threshold segment 2nd, 15 */
CFAR_DOPPLER_THRESHOLD_SEG_ST_3RD = dopplerSnrTh_ST(3);  %/* cfar doppler threshold segment 3rd, 13 */
CFAR_DOPPLER_THRESHOLD_SEG_ST_4TH = dopplerSnrTh_ST(4);  %/* cfar doppler threshold segment 4th, 13(1106),12(1021) */
CFAR_DOPPLER_THRESHOLD_SEG_ST_5TH = dopplerSnrTh_ST(5);  %/* cfar doppler threshold segment 5yh, 100 */
CFAR_DOPPLER_THRESHOLD_SEG_ST_6TH = dopplerSnrTh_ST(6);  %/* cfar doppler threshold segment 5yh, 100 */

CFAR_GLOBAL_THRESHOLD_SEG_ST_1ST = globalSnrTh_ST(1);        %/* cfar global threshold segment 1st, 14 */
CFAR_GLOBAL_THRESHOLD_SEG_ST_2ND = globalSnrTh_ST(2);        %/* cfar global threshold segment 2nd, 11(936),12(1021) */
CFAR_GLOBAL_THRESHOLD_SEG_ST_3RD = globalSnrTh_ST(3);        %/* cfar global threshold segment 3rd, 11(936),12(1021),10(851) */
CFAR_GLOBAL_THRESHOLD_SEG_ST_4TH = globalSnrTh_ST(4);        %/* cfar global threshold segment 4th, 11(936),12(1021),10(851) */
CFAR_GLOBAL_THRESHOLD_SEG_ST_5TH = globalSnrTh_ST(5);        %/* cfar global threshold segment 5th, 90 */
CFAR_GLOBAL_THRESHOLD_SEG_ST_6TH = globalSnrTh_ST(6);        %/* cfar global threshold segment 6th, 90 */

%% end thershold
CFAR_RANGE_THRESHOLD_SEG_ED_1ST = rangeSnrTh_ED(1);    %/* cfar range threshold segment 1st, 22 */
CFAR_RANGE_THRESHOLD_SEG_ED_2ND = rangeSnrTh_ED(2);    %/* cfar range threshold segment 2nd, 16 */ 
CFAR_RANGE_THRESHOLD_SEG_ED_3RD = rangeSnrTh_ED(3);    %/* cfar range threshold segment 3rd, 13(1106) */
CFAR_RANGE_THRESHOLD_SEG_ED_4TH = rangeSnrTh_ED(4);    %/* cfar range threshold segment 4th, 12(1021),12.5(1064) */
CFAR_RANGE_THRESHOLD_SEG_ED_5TH = rangeSnrTh_ED(5);    %/* cfar range threshold segment 5th, 90 */
CFAR_RANGE_THRESHOLD_SEG_ED_6TH = rangeSnrTh_ED(6);    %/* cfar range threshold segment 5th, 90 */

CFAR_DOPPLER_THRESHOLD_SEG_ED_1ST = dopplerSnrTh_ED(1);  %/* cfar doppler threshold segment 1st, 19 */
CFAR_DOPPLER_THRESHOLD_SEG_ED_2ND = dopplerSnrTh_ED(2);  %/* cfar doppler threshold segment 2nd, 15 */
CFAR_DOPPLER_THRESHOLD_SEG_ED_3RD = dopplerSnrTh_ED(3);  %/* cfar doppler threshold segment 3rd, 13 */
CFAR_DOPPLER_THRESHOLD_SEG_ED_4TH = dopplerSnrTh_ED(4);  %/* cfar doppler threshold segment 4th, 13(1106),12(1021) */
CFAR_DOPPLER_THRESHOLD_SEG_ED_5TH = dopplerSnrTh_ED(5);  %/* cfar doppler threshold segment 5yh, 100 */
CFAR_DOPPLER_THRESHOLD_SEG_ED_6TH = dopplerSnrTh_ED(6);  %/* cfar doppler threshold segment 5yh, 100 */

CFAR_GLOBAL_THRESHOLD_SEG_ED_1ST = globalSnrTh_ED(1);        %/* cfar global threshold segment 1st, 14 */
CFAR_GLOBAL_THRESHOLD_SEG_ED_2ND = globalSnrTh_ED(2);        %/* cfar global threshold segment 2nd, 11(936),12(1021) */
CFAR_GLOBAL_THRESHOLD_SEG_ED_3RD = globalSnrTh_ED(3);        %/* cfar global threshold segment 3rd, 11(936),12(1021),10(851) */
CFAR_GLOBAL_THRESHOLD_SEG_ED_4TH = globalSnrTh_ED(4);        %/* cfar global threshold segment 4th, 11(936),12(1021),10(851) */
CFAR_GLOBAL_THRESHOLD_SEG_ED_5TH = globalSnrTh_ED(5);        %/* cfar global threshold segment 5th, 90 */
CFAR_GLOBAL_THRESHOLD_SEG_ED_6TH = globalSnrTh_ED(6);        %/* cfar global threshold segment 6th, 90 */

RANGE_CUT_INDEX_1ST          = 3;                %/* rangeBin cut index 1st 2(6m) */
RANGE_CUT_INDEX_2ND          = 18;                %/* rangeBin cut index 2nd 10(30m),17(51m) */
RANGE_CUT_INDEX_3RD          = 71;                %/* rangeBin cut index 3rd 100(300m),63(189m),70(210) */
